Overriding argument num_latents: 128
!!!!plotting!!!!!
Regret: [[[1.28786455e-01 1.28786455e-01]
  [0.00000000e+00 1.46848323e-01]
  [1.96160946e-01 1.24840986e-01]
  ...
  [1.40111374e-01 2.83850957e-01]
  [3.63519907e-01 0.00000000e+00]
  [1.70276742e-01 0.00000000e+00]]

 [[1.76577382e-01 1.76577382e-01]
  [0.00000000e+00 1.75338176e-01]
  [1.76445207e-01 0.00000000e+00]
  ...
  [3.40963429e-01 1.61624599e-01]
  [1.38323696e-01 0.00000000e+00]
  [1.82521473e-01 0.00000000e+00]]

 [[2.04748525e-01 2.04748525e-01]
  [0.00000000e+00 2.90682443e-01]
  [2.53348399e-01 0.00000000e+00]
  ...
  [2.81161194e-01 3.08763637e-01]
  [2.17953182e-01 0.00000000e+00]
  [2.45968784e-01 0.00000000e+00]]

 ...

 [[4.89884405e+01 4.89884405e+01]
  [0.00000000e+00 1.78498870e-01]
  [2.24201138e-01 0.00000000e+00]
  ...
  [2.42578572e-01 2.50458158e-01]
  [1.01319948e-01 0.00000000e+00]
  [1.90652127e-01 1.90652127e-01]]

 [[6.42873750e-05 6.42873750e-05]
  [0.00000000e+00 0.00000000e+00]
  [1.83566257e-01 0.00000000e+00]
  ...
  [1.67875162e-01 0.00000000e+00]
  [1.94203211e-01 1.94203211e-01]
  [3.15174542e-01 0.00000000e+00]]

 [[1.59306209e-01 1.59306209e-01]
  [0.00000000e+00 0.00000000e+00]
  [1.24106797e-01 1.57412696e-01]
  ...
  [1.24871391e-01 0.00000000e+00]
  [2.01356566e-01 0.00000000e+00]
  [1.42443268e-01 0.00000000e+00]]]
Cumulative regrets: [[[1.28786455e-01 1.28786455e-01]
  [1.28786455e-01 2.75634778e-01]
  [3.24947400e-01 4.00475764e-01]
  ...
  [1.48941769e+03 7.39637992e+02]
  [1.48978121e+03 7.39637992e+02]
  [1.48995149e+03 7.39637992e+02]]

 [[1.76577382e-01 1.76577382e-01]
  [1.76577382e-01 3.51915557e-01]
  [3.53022589e-01 3.51915557e-01]
  ...
  [1.58505638e+03 7.40933294e+02]
  [1.58519470e+03 7.40933294e+02]
  [1.58537722e+03 7.40933294e+02]]

 [[2.04748525e-01 2.04748525e-01]
  [2.04748525e-01 4.95430968e-01]
  [4.58096924e-01 4.95430968e-01]
  ...
  [1.88150037e+03 7.40054283e+02]
  [1.88171833e+03 7.40054283e+02]
  [1.88196429e+03 7.40054283e+02]]

 ...

 [[4.89884405e+01 4.89884405e+01]
  [4.89884405e+01 4.91669393e+01]
  [4.92126416e+01 4.91669393e+01]
  ...
  [1.73653514e+03 7.40136189e+02]
  [1.73663646e+03 7.40136189e+02]
  [1.73682712e+03 7.40326841e+02]]

 [[6.42873750e-05 6.42873750e-05]
  [6.42873750e-05 6.42873750e-05]
  [1.83630544e-01 6.42873750e-05]
  ...
  [1.59031910e+03 7.39540123e+02]
  [1.59051330e+03 7.39734326e+02]
  [1.59082847e+03 7.39734326e+02]]

 [[1.59306209e-01 1.59306209e-01]
  [1.59306209e-01 1.59306209e-01]
  [2.83413006e-01 3.16718905e-01]
  ...
  [1.63476041e+03 7.40051998e+02]
  [1.63496177e+03 7.40051998e+02]
  [1.63510421e+03 7.40051998e+02]]]
!!!!The regret log address: results/wheel/eval-all-R/lbanp/S0-B8/lbanp-128_best_model/S49-C2000-d0.99/regret.log
