Overriding argument num_latents: 8
!!!!plotting!!!!!
Regret: [[[ 0.15362097  0.15362097]
  [ 0.          0.        ]
  [ 0.16408835  0.        ]
  ...
  [ 0.10828946  0.19848249]
  [ 0.20546457  0.        ]
  [ 0.29230272  0.26401361]]

 [[ 0.13262301  0.13262301]
  [ 0.          0.37635759]
  [ 0.          0.        ]
  ...
  [ 0.28297382  0.        ]
  [ 0.1880889   0.        ]
  [ 0.21994685  0.        ]]

 [[ 0.17981529  0.17981529]
  [ 0.          0.14618885]
  [ 0.28587313  0.        ]
  ...
  [ 0.10886298  0.12272822]
  [ 0.21877226  0.        ]
  [ 0.24876431  0.        ]]

 ...

 [[49.00904201 49.00904201]
  [ 0.          0.17997612]
  [ 0.22222321  0.        ]
  ...
  [49.05813551  0.        ]
  [ 0.26711946  0.        ]
  [ 0.28671787  0.28671787]]

 [[49.09387902 49.09387902]
  [ 0.          0.        ]
  [ 0.15896298  0.        ]
  ...
  [48.99922872  0.        ]
  [ 0.2206626   0.2206626 ]
  [ 0.29392257  0.        ]]

 [[ 0.15297749  0.15297749]
  [ 0.          0.21724542]
  [ 0.20767758  0.252076  ]
  ...
  [ 0.28030675  0.2829549 ]
  [ 0.20683731  0.        ]
  [ 0.1812256   0.        ]]]
Cumulative regrets: [[[1.53620975e-01 1.53620975e-01]
  [1.53620975e-01 1.53620975e-01]
  [3.17709329e-01 1.53620975e-01]
  ...
  [1.44615095e+04 8.02100361e+02]
  [1.44617150e+04 8.02100361e+02]
  [1.44620073e+04 8.02364374e+02]]

 [[1.32623014e-01 1.32623014e-01]
  [1.32623014e-01 5.08980602e-01]
  [1.32623014e-01 5.08980602e-01]
  ...
  [1.45620788e+04 6.69154233e+02]
  [1.45622668e+04 6.69154233e+02]
  [1.45624868e+04 6.69154233e+02]]

 [[1.79815295e-01 1.79815295e-01]
  [1.79815295e-01 3.26004144e-01]
  [4.65688426e-01 3.26004144e-01]
  ...
  [1.38221903e+04 7.11221392e+02]
  [1.38224090e+04 7.11221392e+02]
  [1.38226578e+04 7.11221392e+02]]

 ...

 [[4.90090420e+01 4.90090420e+01]
  [4.90090420e+01 4.91890181e+01]
  [4.92312652e+01 4.91890181e+01]
  ...
  [1.45557177e+04 9.02659869e+02]
  [1.45559848e+04 9.02659869e+02]
  [1.45562715e+04 9.02946587e+02]]

 [[4.90938790e+01 4.90938790e+01]
  [4.90938790e+01 4.90938790e+01]
  [4.92528420e+01 4.90938790e+01]
  ...
  [1.41182891e+04 8.10059863e+02]
  [1.41185098e+04 8.10280525e+02]
  [1.41188037e+04 8.10280525e+02]]

 [[1.52977492e-01 1.52977492e-01]
  [1.52977492e-01 3.70222909e-01]
  [3.60655070e-01 6.22298908e-01]
  ...
  [1.40682634e+04 7.61098561e+02]
  [1.40684703e+04 7.61098561e+02]
  [1.40686515e+04 7.61098561e+02]]]
!!!!The regret log address: results/wheel/eval-all-R/lbanp/S0-B8/lbanp-8_best_model/S49-C2000-d0.9/regret.log
