Overriding argument num_latents: 128
!!!!plotting!!!!!
Regret: [[[ 0.30503032  0.30503032]
  [ 0.          0.1517287 ]
  [ 0.15622412  0.16235183]
  ...
  [ 0.16755434  0.12619135]
  [ 0.26160243  0.        ]
  [ 0.16908457  0.        ]]

 [[ 0.19102137  0.19102137]
  [ 0.          0.37737637]
  [ 0.26057949  0.        ]
  ...
  [ 0.22066805  0.17606287]
  [ 0.32838551  0.        ]
  [ 0.08876984  0.        ]]

 [[ 0.21294725  0.21294725]
  [ 0.          0.25685165]
  [ 0.15580941  0.        ]
  ...
  [ 0.05034809  0.12916432]
  [ 0.24848433  0.        ]
  [ 0.16844208  0.        ]]

 ...

 [[48.94368161 48.94368161]
  [ 0.          0.16428054]
  [ 0.21634066  0.        ]
  ...
  [ 0.23928161  0.19138874]
  [ 0.0735015   0.        ]
  [ 0.1812259   0.1812259 ]]

 [[ 0.25420717  0.25420717]
  [ 0.          0.        ]
  [ 0.23144211  0.        ]
  ...
  [ 0.10780955  0.        ]
  [ 0.27356915  0.27356915]
  [ 0.20088911  0.        ]]

 [[ 0.23039577  0.23039577]
  [ 0.          0.        ]
  [ 0.06498253  0.29046439]
  ...
  [ 0.15673667  0.        ]
  [ 0.12368475  0.        ]
  [ 0.06610253  0.        ]]]
Cumulative regrets: [[[3.05030315e-01 3.05030315e-01]
  [3.05030315e-01 4.56759014e-01]
  [4.61254434e-01 6.19110841e-01]
  ...
  [7.48823618e+03 2.01479824e+03]
  [7.48849778e+03 2.01479824e+03]
  [7.48866687e+03 2.01479824e+03]]

 [[1.91021368e-01 1.91021368e-01]
  [1.91021368e-01 5.68397738e-01]
  [4.51600860e-01 5.68397738e-01]
  ...
  [7.73378193e+03 2.01400547e+03]
  [7.73411031e+03 2.01400547e+03]
  [7.73419908e+03 2.01400547e+03]]

 [[2.12947246e-01 2.12947246e-01]
  [2.12947246e-01 4.69798898e-01]
  [3.68756652e-01 4.69798898e-01]
  ...
  [7.53780816e+03 2.10962316e+03]
  [7.53805664e+03 2.10962316e+03]
  [7.53822508e+03 2.10962316e+03]]

 ...

 [[4.89436816e+01 4.89436816e+01]
  [4.89436816e+01 4.91079622e+01]
  [4.91600223e+01 4.91079622e+01]
  ...
  [7.73233054e+03 2.15612517e+03]
  [7.73240404e+03 2.15612517e+03]
  [7.73258527e+03 2.15630640e+03]]

 [[2.54207168e-01 2.54207168e-01]
  [2.54207168e-01 2.54207168e-01]
  [4.85649278e-01 2.54207168e-01]
  ...
  [7.24314118e+03 2.01490993e+03]
  [7.24341475e+03 2.01518350e+03]
  [7.24361564e+03 2.01518350e+03]]

 [[2.30395775e-01 2.30395775e-01]
  [2.30395775e-01 2.30395775e-01]
  [2.95378303e-01 5.20860164e-01]
  ...
  [7.53934197e+03 2.01257258e+03]
  [7.53946565e+03 2.01257258e+03]
  [7.53953175e+03 2.01257258e+03]]]
!!!!The regret log address: results/wheel/eval-all-R/lbanp/S0-B8/lbanp-128_best_model/S49-C2000-d0.95/regret.log
