!!!!plotting!!!!!
Regret: [[[0.27244553 0.27244553]
  [0.         0.34861176]
  [0.13778368 0.08837422]
  ...
  [0.02431976 0.09803309]
  [0.1717127  0.1717127 ]
  [0.27935268 0.14259927]]

 [[0.11960802 0.11960802]
  [0.         0.11939703]
  [0.09034842 0.09034842]
  ...
  [0.12003882 0.22388356]
  [0.12532637 0.1872014 ]
  [0.33938153 0.35018351]]

 [[0.21393173 0.21393173]
  [0.         0.20279393]
  [0.16830484 0.16830484]
  ...
  [0.31233371 0.14956923]
  [0.16223071 0.18902982]
  [0.1477119  0.1477119 ]]

 ...

 [[0.31861846 0.31861846]
  [0.         0.1122179 ]
  [0.22726067 0.2672031 ]
  ...
  [0.20981203 0.16707694]
  [0.18301188 0.        ]
  [0.20472434 0.20472434]]

 [[0.17256456 0.17256456]
  [0.         0.24666812]
  [0.21123175 0.23826445]
  ...
  [0.30447166 0.22964583]
  [0.19331883 0.19331883]
  [0.18405291 0.36339025]]

 [[0.30790238 0.30790238]
  [0.         0.23257312]
  [0.16757948 0.21452582]
  ...
  [0.20760815 0.28016508]
  [0.24814405 0.09954468]
  [0.26397364 0.2331632 ]]]
Cumulative regrets: [[[2.72445533e-01 2.72445533e-01]
  [2.72445533e-01 6.21057291e-01]
  [4.10229210e-01 7.09431509e-01]
  ...
  [1.05256655e+03 3.91315468e+02]
  [1.05273826e+03 3.91487180e+02]
  [1.05301761e+03 3.91629780e+02]]

 [[1.19608024e-01 1.19608024e-01]
  [1.19608024e-01 2.39005051e-01]
  [2.09956443e-01 3.29353469e-01]
  ...
  [1.10023600e+03 3.91461814e+02]
  [1.10036133e+03 3.91649015e+02]
  [1.10070071e+03 3.91999198e+02]]

 [[2.13931726e-01 2.13931726e-01]
  [2.13931726e-01 4.16725651e-01]
  [3.82236568e-01 5.85030494e-01]
  ...
  [1.34706394e+03 3.90916631e+02]
  [1.34722617e+03 3.91105661e+02]
  [1.34737388e+03 3.91253373e+02]]

 ...

 [[3.18618461e-01 3.18618461e-01]
  [3.18618461e-01 4.30836357e-01]
  [5.45879132e-01 6.98039461e-01]
  ...
  [1.29830313e+03 3.91354385e+02]
  [1.29848614e+03 3.91354385e+02]
  [1.29869086e+03 3.91559110e+02]]

 [[1.72564555e-01 1.72564555e-01]
  [1.72564555e-01 4.19232677e-01]
  [3.83796308e-01 6.57497128e-01]
  ...
  [1.15071957e+03 3.92015467e+02]
  [1.15091288e+03 3.92208786e+02]
  [1.15109694e+03 3.92572177e+02]]

 [[3.07902381e-01 3.07902381e-01]
  [3.07902381e-01 5.40475496e-01]
  [4.75481857e-01 7.55001313e-01]
  ...
  [1.15350609e+03 3.91457874e+02]
  [1.15375424e+03 3.91557419e+02]
  [1.15401821e+03 3.91790582e+02]]]
!!!!The regret log address: results/wheel/eval-all-R/tnpd/S0-B8/tnpd_default_10000-epoch/S49-C2000-d0.995/regret.log
