Overriding argument num_latents: 8
!!!!plotting!!!!!
Regret: [[[ 0.          0.        ]
  [ 0.          0.19679585]
  [ 0.25048844  0.13811169]
  ...
  [48.95660624  0.        ]
  [ 0.23345667  0.23345667]
  [48.99915172  0.        ]]

 [[49.0584419  49.0584419 ]
  [48.71704361  0.        ]
  [ 0.          0.        ]
  ...
  [ 0.22777886  0.16472139]
  [ 0.15184553  0.12802033]
  [ 0.23262985  0.13227035]]

 [[ 0.2102692   0.2102692 ]
  [48.7991985   0.        ]
  [ 0.17058069  0.17058069]
  ...
  [48.99645301  0.        ]
  [ 0.21310763  0.        ]
  [ 0.          0.        ]]

 ...

 [[48.94647788 48.94647788]
  [48.85169912  0.        ]
  [ 0.3457705   0.29439227]
  ...
  [49.11195155  0.        ]
  [ 0.25991568  0.25991568]
  [ 0.          0.        ]]

 [[48.93814356 48.93814356]
  [ 0.          0.31901574]
  [ 0.20187711  0.24896041]
  ...
  [49.0298722   0.        ]
  [ 0.          0.        ]
  [ 0.24637125  0.16610692]]

 [[ 0.24095566  0.24095566]
  [48.87137009  0.        ]
  [48.98282574  0.        ]
  ...
  [48.95951632 48.95951632]
  [ 0.26999931  0.20887003]
  [ 0.17708154  0.20911751]]]
Cumulative regrets: [[[0.00000000e+00 0.00000000e+00]
  [0.00000000e+00 1.96795853e-01]
  [2.50488439e-01 3.34907544e-01]
  ...
  [4.05848201e+04 1.80810476e+03]
  [4.05850536e+04 1.80833822e+03]
  [4.06340527e+04 1.80833822e+03]]

 [[4.90584419e+01 4.90584419e+01]
  [9.77754855e+01 4.90584419e+01]
  [9.77754855e+01 4.90584419e+01]
  ...
  [4.07807976e+04 1.85699027e+03]
  [4.07809494e+04 1.85711829e+03]
  [4.07811821e+04 1.85725056e+03]]

 [[2.10269204e-01 2.10269204e-01]
  [4.90094677e+01 2.10269204e-01]
  [4.91800484e+01 3.80849890e-01]
  ...
  [4.02893036e+04 1.80789039e+03]
  [4.02895167e+04 1.80789039e+03]
  [4.02895167e+04 1.80789039e+03]]

 ...

 [[4.89464779e+01 4.89464779e+01]
  [9.77981770e+01 4.89464779e+01]
  [9.81439475e+01 4.92408701e+01]
  ...
  [4.11760700e+04 1.85684139e+03]
  [4.11763299e+04 1.85710130e+03]
  [4.11763299e+04 1.85710130e+03]]

 [[4.89381436e+01 4.89381436e+01]
  [4.89381436e+01 4.92571593e+01]
  [4.91400207e+01 4.95061197e+01]
  ...
  [4.03416557e+04 1.85714999e+03]
  [4.03416557e+04 1.85714999e+03]
  [4.03419021e+04 1.85731610e+03]]

 [[2.40955661e-01 2.40955661e-01]
  [4.91123258e+01 2.40955661e-01]
  [9.80951515e+01 2.40955661e-01]
  ...
  [4.07331013e+04 1.80805817e+03]
  [4.07333713e+04 1.80826704e+03]
  [4.07335483e+04 1.80847615e+03]]]
!!!!The regret log address: results/wheel/eval-all-R/lbanp/S0-B8/lbanp-num_latents-8_4000-epoches/S49-C2000-d0.7/regret.log
