!!!!plotting!!!!!
Regret: [[[1.28786455e-01 1.28786455e-01]
  [0.00000000e+00 0.00000000e+00]
  [1.96160946e-01 0.00000000e+00]
  ...
  [1.40111374e-01 2.83850957e-01]
  [3.63519907e-01 0.00000000e+00]
  [1.70276742e-01 0.00000000e+00]]

 [[1.76577382e-01 1.76577382e-01]
  [0.00000000e+00 1.61826574e-01]
  [1.76445207e-01 1.76445207e-01]
  ...
  [3.40963429e-01 0.00000000e+00]
  [1.38323696e-01 0.00000000e+00]
  [1.82521473e-01 0.00000000e+00]]

 [[2.04748525e-01 2.04748525e-01]
  [0.00000000e+00 0.00000000e+00]
  [2.53348399e-01 0.00000000e+00]
  ...
  [2.81161194e-01 0.00000000e+00]
  [2.17953182e-01 0.00000000e+00]
  [2.45968784e-01 0.00000000e+00]]

 ...

 [[4.89884405e+01 4.89884405e+01]
  [0.00000000e+00 0.00000000e+00]
  [2.24201138e-01 0.00000000e+00]
  ...
  [2.42578572e-01 2.50458158e-01]
  [1.01319948e-01 0.00000000e+00]
  [1.90652127e-01 1.90652127e-01]]

 [[6.42873750e-05 6.42873750e-05]
  [0.00000000e+00 0.00000000e+00]
  [1.83566257e-01 0.00000000e+00]
  ...
  [1.67875162e-01 1.40842464e-01]
  [1.94203211e-01 0.00000000e+00]
  [3.15174542e-01 0.00000000e+00]]

 [[1.59306209e-01 1.59306209e-01]
  [0.00000000e+00 2.46120265e-01]
  [1.24106797e-01 0.00000000e+00]
  ...
  [1.24871391e-01 0.00000000e+00]
  [2.01356566e-01 0.00000000e+00]
  [1.42443268e-01 0.00000000e+00]]]
Cumulative regrets: [[[1.28786455e-01 1.28786455e-01]
  [1.28786455e-01 1.28786455e-01]
  [3.24947400e-01 1.28786455e-01]
  ...
  [1.48941769e+03 2.27869758e+02]
  [1.48978121e+03 2.27869758e+02]
  [1.48995149e+03 2.27869758e+02]]

 [[1.76577382e-01 1.76577382e-01]
  [1.76577382e-01 3.38403955e-01]
  [3.53022589e-01 5.14849162e-01]
  ...
  [1.58505638e+03 3.22026245e+02]
  [1.58519470e+03 3.22026245e+02]
  [1.58537722e+03 3.22026245e+02]]

 [[2.04748525e-01 2.04748525e-01]
  [2.04748525e-01 2.04748525e-01]
  [4.58096924e-01 2.04748525e-01]
  ...
  [1.88150037e+03 2.68885379e+02]
  [1.88171833e+03 2.68885379e+02]
  [1.88196429e+03 2.68885379e+02]]

 ...

 [[4.89884405e+01 4.89884405e+01]
  [4.89884405e+01 4.89884405e+01]
  [4.92126416e+01 4.89884405e+01]
  ...
  [1.73653514e+03 4.63643895e+02]
  [1.73663646e+03 4.63643895e+02]
  [1.73682712e+03 4.63834547e+02]]

 [[6.42873750e-05 6.42873750e-05]
  [6.42873750e-05 6.42873750e-05]
  [1.83630544e-01 6.42873750e-05]
  ...
  [1.59031910e+03 8.79664249e+01]
  [1.59051330e+03 8.79664249e+01]
  [1.59082847e+03 8.79664249e+01]]

 [[1.59306209e-01 1.59306209e-01]
  [1.59306209e-01 4.05426474e-01]
  [2.83413006e-01 4.05426474e-01]
  ...
  [1.63476041e+03 3.17480966e+02]
  [1.63496177e+03 3.17480966e+02]
  [1.63510421e+03 3.17480966e+02]]]
!!!!The regret log address: results/wheel/eval-all-R/tnpd/S0-B8/tnpd_default_10000-epoch/S49-C2000-d0.99/regret.log
