Overriding argument num_latents: 8
!!!!plotting!!!!!
Regret: [[[0.27244553 0.27244553]
  [0.         0.2808188 ]
  [0.13778368 0.16779494]
  ...
  [0.02431976 0.09803309]
  [0.1717127  0.1717127 ]
  [0.27935268 0.14259927]]

 [[0.11960802 0.11960802]
  [0.         0.20565717]
  [0.09034842 0.09034842]
  ...
  [0.12003882 0.15190202]
  [0.12532637 0.1872014 ]
  [0.33938153 0.35018351]]

 [[0.21393173 0.21393173]
  [0.         0.20279393]
  [0.16830484 0.16830484]
  ...
  [0.31233371 0.25155771]
  [0.16223071 0.24367143]
  [0.1477119  0.1477119 ]]

 ...

 [[0.31861846 0.31861846]
  [0.         0.08676231]
  [0.22726067 0.2672031 ]
  ...
  [0.20981203 0.16707694]
  [0.18301188 0.18301188]
  [0.20472434 0.20472434]]

 [[0.17256456 0.17256456]
  [0.         0.33798972]
  [0.21123175 0.24664246]
  ...
  [0.30447166 0.22964583]
  [0.19331883 0.19331883]
  [0.18405291 0.36339025]]

 [[0.30790238 0.30790238]
  [0.         0.23257312]
  [0.16757948 0.22909182]
  ...
  [0.20760815 0.28016508]
  [0.24814405 0.09954468]
  [0.26397364 0.2331632 ]]]
Cumulative regrets: [[[2.72445533e-01 2.72445533e-01]
  [2.72445533e-01 5.53264330e-01]
  [4.10229210e-01 7.21059270e-01]
  ...
  [1.05256655e+03 4.94437780e+02]
  [1.05273826e+03 4.94609493e+02]
  [1.05301761e+03 4.94752092e+02]]

 [[1.19608024e-01 1.19608024e-01]
  [1.19608024e-01 3.25265190e-01]
  [2.09956443e-01 4.15613608e-01]
  ...
  [1.10023600e+03 4.94004011e+02]
  [1.10036133e+03 4.94191212e+02]
  [1.10070071e+03 4.94541396e+02]]

 [[2.13931726e-01 2.13931726e-01]
  [2.13931726e-01 4.16725651e-01]
  [3.82236568e-01 5.85030494e-01]
  ...
  [1.34706394e+03 4.94319862e+02]
  [1.34722617e+03 4.94563534e+02]
  [1.34737388e+03 4.94711246e+02]]

 ...

 [[3.18618461e-01 3.18618461e-01]
  [3.18618461e-01 4.05380775e-01]
  [5.45879132e-01 6.72583879e-01]
  ...
  [1.29830313e+03 4.94382288e+02]
  [1.29848614e+03 4.94565299e+02]
  [1.29869086e+03 4.94770024e+02]]

 [[1.72564555e-01 1.72564555e-01]
  [1.72564555e-01 5.10554275e-01]
  [3.83796308e-01 7.57196731e-01]
  ...
  [1.15071957e+03 4.94168650e+02]
  [1.15091288e+03 4.94361968e+02]
  [1.15109694e+03 4.94725359e+02]]

 [[3.07902381e-01 3.07902381e-01]
  [3.07902381e-01 5.40475496e-01]
  [4.75481857e-01 7.69567316e-01]
  ...
  [1.15350609e+03 4.94449154e+02]
  [1.15375424e+03 4.94548698e+02]
  [1.15401821e+03 4.94781862e+02]]]
!!!!The regret log address: results/wheel/eval-all-R/lbanp/S0-B8/lbanp-num_latents-8/S49-C2000-d0.995/regret.log
