Overriding argument num_latents: 8
!!!!plotting!!!!!
Regret: [[[3.05030315e-01 3.05030315e-01]
  [0.00000000e+00 8.40713837e-02]
  [1.56224119e-01 1.21708432e-01]
  ...
  [1.67554339e-01 1.26191349e-01]
  [2.61602434e-01 2.61602434e-01]
  [1.69084573e-01 2.52596828e-01]]

 [[1.91021368e-01 1.91021368e-01]
  [0.00000000e+00 3.05552178e-01]
  [2.60579492e-01 2.60579492e-01]
  ...
  [2.20668045e-01 1.76062865e-01]
  [3.28385505e-01 2.16814679e-01]
  [8.87698410e-02 2.47220694e-01]]

 [[2.12947246e-01 2.12947246e-01]
  [0.00000000e+00 2.47638457e-01]
  [1.55809406e-01 1.55809406e-01]
  ...
  [5.03480868e-02 1.29164325e-01]
  [2.48484329e-01 0.00000000e+00]
  [1.68442081e-01 1.68442081e-01]]

 ...

 [[4.89436816e+01 4.89436816e+01]
  [0.00000000e+00 1.64280544e-01]
  [2.16340659e-01 0.00000000e+00]
  ...
  [2.39281608e-01 1.91388743e-01]
  [7.35015047e-02 0.00000000e+00]
  [1.81225905e-01 1.81225905e-01]]

 [[2.54207168e-01 2.54207168e-01]
  [0.00000000e+00 0.00000000e+00]
  [2.31442111e-01 0.00000000e+00]
  ...
  [1.07809554e-01 1.31175483e-01]
  [2.73569151e-01 2.73569151e-01]
  [2.00889114e-01 2.60155837e-01]]

 [[2.30395775e-01 2.30395775e-01]
  [0.00000000e+00 0.00000000e+00]
  [6.49825283e-02 2.90464389e-01]
  ...
  [1.56736672e-01 1.56736672e-01]
  [1.23684755e-01 3.08963579e-02]
  [6.61025335e-02 1.69853866e-01]]]
Cumulative regrets: [[[3.05030315e-01 3.05030315e-01]
  [3.05030315e-01 3.89101699e-01]
  [4.61254434e-01 5.10810131e-01]
  ...
  [7.48823618e+03 5.60616978e+02]
  [7.48849778e+03 5.60878580e+02]
  [7.48866687e+03 5.61131177e+02]]

 [[1.91021368e-01 1.91021368e-01]
  [1.91021368e-01 4.96573546e-01]
  [4.51600860e-01 7.57153038e-01]
  ...
  [7.73378193e+03 6.09713640e+02]
  [7.73411031e+03 6.09930454e+02]
  [7.73419908e+03 6.10177675e+02]]

 [[2.12947246e-01 2.12947246e-01]
  [2.12947246e-01 4.60585703e-01]
  [3.68756652e-01 6.16395109e-01]
  ...
  [7.53780816e+03 6.56517812e+02]
  [7.53805664e+03 6.56517812e+02]
  [7.53822508e+03 6.56686254e+02]]

 ...

 [[4.89436816e+01 4.89436816e+01]
  [4.89436816e+01 4.91079622e+01]
  [4.91600223e+01 4.91079622e+01]
  ...
  [7.73233054e+03 7.00465477e+02]
  [7.73240404e+03 7.00465477e+02]
  [7.73258527e+03 7.00646703e+02]]

 [[2.54207168e-01 2.54207168e-01]
  [2.54207168e-01 2.54207168e-01]
  [4.85649278e-01 2.54207168e-01]
  ...
  [7.24314118e+03 8.02607969e+02]
  [7.24341475e+03 8.02881538e+02]
  [7.24361564e+03 8.03141694e+02]]

 [[2.30395775e-01 2.30395775e-01]
  [2.30395775e-01 2.30395775e-01]
  [2.95378303e-01 5.20860164e-01]
  ...
  [7.53934197e+03 7.03957773e+02]
  [7.53946565e+03 7.03988670e+02]
  [7.53953175e+03 7.04158523e+02]]]
!!!!The regret log address: results/wheel/eval-all-R/lbanp/S0-B8/lbanp-num_latents-8/S49-C2000-d0.95/regret.log
