!!!!plotting!!!!!
Regret: [[[ 0.15362097  0.15362097]
  [ 0.          0.07343791]
  [ 0.16408835  0.25882695]
  ...
  [ 0.10828946  0.19848249]
  [ 0.20546457  0.20546457]
  [ 0.29230272  0.26401361]]

 [[ 0.13262301  0.13262301]
  [ 0.          0.1993577 ]
  [ 0.          0.        ]
  ...
  [ 0.28297382  0.28316386]
  [ 0.1880889   0.18732595]
  [ 0.21994685  0.23364147]]

 [[ 0.17981529  0.17981529]
  [ 0.          0.14618885]
  [ 0.28587313  0.28587313]
  ...
  [ 0.10886298  0.12272822]
  [ 0.21877226  0.08296132]
  [ 0.24876431  0.14910594]]

 ...

 [[49.00904201 49.00904201]
  [ 0.          0.17997612]
  [ 0.22222321  0.24661404]
  ...
  [49.05813551  0.        ]
  [ 0.26711946  0.34361192]
  [ 0.28671787  0.28671787]]

 [[49.09387902 49.09387902]
  [ 0.          0.26883922]
  [ 0.15896298  0.18186225]
  ...
  [48.99922872 48.99922872]
  [ 0.2206626   0.2206626 ]
  [ 0.29392257  0.20998314]]

 [[ 0.15297749  0.15297749]
  [ 0.          0.21724542]
  [ 0.20767758  0.252076  ]
  ...
  [ 0.28030675  0.22527009]
  [ 0.20683731  0.16285493]
  [ 0.1812256   0.25864861]]]
Cumulative regrets: [[[1.53620975e-01 1.53620975e-01]
  [1.53620975e-01 2.27058889e-01]
  [3.17709329e-01 4.85885838e-01]
  ...
  [1.44615095e+04 3.60913436e+03]
  [1.44617150e+04 3.60933983e+03]
  [1.44620073e+04 3.60960384e+03]]

 [[1.32623014e-01 1.32623014e-01]
  [1.32623014e-01 3.31980711e-01]
  [1.32623014e-01 3.31980711e-01]
  ...
  [1.45620788e+04 3.51099228e+03]
  [1.45622668e+04 3.51117960e+03]
  [1.45624868e+04 3.51141324e+03]]

 [[1.79815295e-01 1.79815295e-01]
  [1.79815295e-01 3.26004144e-01]
  [4.65688426e-01 6.11877276e-01]
  ...
  [1.38221903e+04 3.36364122e+03]
  [1.38224090e+04 3.36372418e+03]
  [1.38226578e+04 3.36387329e+03]]

 ...

 [[4.90090420e+01 4.90090420e+01]
  [4.90090420e+01 4.91890181e+01]
  [4.92312652e+01 4.94356322e+01]
  ...
  [1.45557177e+04 3.51061783e+03]
  [1.45559848e+04 3.51096145e+03]
  [1.45562715e+04 3.51124816e+03]]

 [[4.90938790e+01 4.90938790e+01]
  [4.90938790e+01 4.93627182e+01]
  [4.92528420e+01 4.95445805e+01]
  ...
  [1.41182891e+04 3.55930192e+03]
  [1.41185098e+04 3.55952258e+03]
  [1.41188037e+04 3.55973257e+03]]

 [[1.52977492e-01 1.52977492e-01]
  [1.52977492e-01 3.70222909e-01]
  [3.60655070e-01 6.22298908e-01]
  ...
  [1.40682634e+04 3.41287992e+03]
  [1.40684703e+04 3.41304277e+03]
  [1.40686515e+04 3.41330142e+03]]]
!!!!The regret log address: results/wheel/eval-all-R/tnpd/S0-B8/tnpd-default/S49-C2000-d0.9/regret.log
