Overriding argument num_latents: 8
!!!!plotting!!!!!
Regret: [[[3.05030315e-01 3.05030315e-01]
  [0.00000000e+00 1.23349087e-01]
  [1.56224119e-01 1.95867946e-01]
  ...
  [1.67554339e-01 1.26191349e-01]
  [2.61602434e-01 2.61602434e-01]
  [1.69084573e-01 2.52596828e-01]]

 [[1.91021368e-01 1.91021368e-01]
  [0.00000000e+00 3.77376370e-01]
  [2.60579492e-01 2.60579492e-01]
  ...
  [2.20668045e-01 2.00109825e-01]
  [3.28385505e-01 2.16814679e-01]
  [8.87698410e-02 2.47220694e-01]]

 [[2.12947246e-01 2.12947246e-01]
  [0.00000000e+00 2.56851651e-01]
  [1.55809406e-01 1.55809406e-01]
  ...
  [5.03480868e-02 1.32707383e-01]
  [2.48484329e-01 2.58690523e-01]
  [1.68442081e-01 1.68442081e-01]]

 ...

 [[4.89436816e+01 4.89436816e+01]
  [0.00000000e+00 1.96314178e-01]
  [2.16340659e-01 2.40809255e-01]
  ...
  [2.39281608e-01 1.91388743e-01]
  [7.35015047e-02 7.35015047e-02]
  [1.81225905e-01 1.81225905e-01]]

 [[2.54207168e-01 2.54207168e-01]
  [0.00000000e+00 1.87647933e-01]
  [2.31442111e-01 1.31956990e-01]
  ...
  [1.07809554e-01 1.31175483e-01]
  [2.73569151e-01 2.73569151e-01]
  [2.00889114e-01 2.60155837e-01]]

 [[2.30395775e-01 2.30395775e-01]
  [0.00000000e+00 2.90985282e-01]
  [6.49825283e-02 1.75807035e-01]
  ...
  [1.56736672e-01 1.83194187e-01]
  [1.23684755e-01 3.08963579e-02]
  [6.61025335e-02 1.69853866e-01]]]
Cumulative regrets: [[[3.05030315e-01 3.05030315e-01]
  [3.05030315e-01 4.28379402e-01]
  [4.61254434e-01 6.24247348e-01]
  ...
  [7.48823618e+03 2.07880884e+03]
  [7.48849778e+03 2.07907044e+03]
  [7.48866687e+03 2.07932304e+03]]

 [[1.91021368e-01 1.91021368e-01]
  [1.91021368e-01 5.68397738e-01]
  [4.51600860e-01 8.28977230e-01]
  ...
  [7.73378193e+03 2.02988801e+03]
  [7.73411031e+03 2.03010483e+03]
  [7.73419908e+03 2.03035205e+03]]

 [[2.12947246e-01 2.12947246e-01]
  [2.12947246e-01 4.69798898e-01]
  [3.68756652e-01 6.25608304e-01]
  ...
  [7.53780816e+03 2.02991611e+03]
  [7.53805664e+03 2.03017480e+03]
  [7.53822508e+03 2.03034324e+03]]

 ...

 [[4.89436816e+01 4.89436816e+01]
  [4.89436816e+01 4.91399958e+01]
  [4.91600223e+01 4.93808050e+01]
  ...
  [7.73233054e+03 2.07912903e+03]
  [7.73240404e+03 2.07920253e+03]
  [7.73258527e+03 2.07938375e+03]]

 [[2.54207168e-01 2.54207168e-01]
  [2.54207168e-01 4.41855100e-01]
  [4.85649278e-01 5.73812091e-01]
  ...
  [7.24314118e+03 2.02986593e+03]
  [7.24341475e+03 2.03013950e+03]
  [7.24361564e+03 2.03039966e+03]]

 [[2.30395775e-01 2.30395775e-01]
  [2.30395775e-01 5.21381057e-01]
  [2.95378303e-01 6.97188092e-01]
  ...
  [7.53934197e+03 2.07926296e+03]
  [7.53946565e+03 2.07929385e+03]
  [7.53953175e+03 2.07946371e+03]]]
!!!!The regret log address: results/wheel/eval-all-R/lbanp/S0-B8/lbanp-num_latents-8/S49-C2000-d0.95/regret.log
