!!!!plotting!!!!!
Regret: [[[3.05030315e-01 3.05030315e-01]
  [0.00000000e+00 1.23349087e-01]
  [1.56224119e-01 1.95867946e-01]
  ...
  [1.67554339e-01 1.26191349e-01]
  [2.61602434e-01 2.61602434e-01]
  [1.69084573e-01 2.52596828e-01]]

 [[1.91021368e-01 1.91021368e-01]
  [0.00000000e+00 3.05552178e-01]
  [2.60579492e-01 2.60579492e-01]
  ...
  [2.20668045e-01 2.00109825e-01]
  [3.28385505e-01 3.06009466e-01]
  [8.87698410e-02 2.47220694e-01]]

 [[2.12947246e-01 2.12947246e-01]
  [0.00000000e+00 2.56851651e-01]
  [1.55809406e-01 1.55809406e-01]
  ...
  [5.03480868e-02 1.29164325e-01]
  [2.48484329e-01 2.58690523e-01]
  [1.68442081e-01 7.55355673e-02]]

 ...

 [[4.89436816e+01 4.89436816e+01]
  [0.00000000e+00 1.64280544e-01]
  [2.16340659e-01 2.40809255e-01]
  ...
  [2.39281608e-01 1.91388743e-01]
  [7.35015047e-02 1.39939257e-01]
  [1.81225905e-01 1.81225905e-01]]

 [[2.54207168e-01 2.54207168e-01]
  [0.00000000e+00 2.86837708e-01]
  [2.31442111e-01 1.53573847e-01]
  ...
  [1.07809554e-01 1.07809554e-01]
  [2.73569151e-01 2.73569151e-01]
  [2.00889114e-01 2.60155837e-01]]

 [[2.30395775e-01 2.30395775e-01]
  [0.00000000e+00 2.90985282e-01]
  [6.49825283e-02 2.90464389e-01]
  ...
  [1.56736672e-01 2.30909178e-01]
  [1.23684755e-01 3.08963579e-02]
  [6.61025335e-02 1.69853866e-01]]]
Cumulative regrets: [[[3.05030315e-01 3.05030315e-01]
  [3.05030315e-01 4.28379402e-01]
  [4.61254434e-01 6.24247348e-01]
  ...
  [7.48823618e+03 2.17853494e+03]
  [7.48849778e+03 2.17879654e+03]
  [7.48866687e+03 2.17904914e+03]]

 [[1.91021368e-01 1.91021368e-01]
  [1.91021368e-01 4.96573546e-01]
  [4.51600860e-01 7.57153038e-01]
  ...
  [7.73378193e+03 2.13008261e+03]
  [7.73411031e+03 2.13038862e+03]
  [7.73419908e+03 2.13063584e+03]]

 [[2.12947246e-01 2.12947246e-01]
  [2.12947246e-01 4.69798898e-01]
  [3.68756652e-01 6.25608304e-01]
  ...
  [7.53780816e+03 2.08066390e+03]
  [7.53805664e+03 2.08092259e+03]
  [7.53822508e+03 2.08099812e+03]]

 ...

 [[4.89436816e+01 4.89436816e+01]
  [4.89436816e+01 4.91079622e+01]
  [4.91600223e+01 4.93487714e+01]
  ...
  [7.73233054e+03 2.27700861e+03]
  [7.73240404e+03 2.27714855e+03]
  [7.73258527e+03 2.27732978e+03]]

 [[2.54207168e-01 2.54207168e-01]
  [2.54207168e-01 5.41044876e-01]
  [4.85649278e-01 6.94618723e-01]
  ...
  [7.24314118e+03 2.17896550e+03]
  [7.24341475e+03 2.17923907e+03]
  [7.24361564e+03 2.17949923e+03]]

 [[2.30395775e-01 2.30395775e-01]
  [2.30395775e-01 5.21381057e-01]
  [2.95378303e-01 8.11845446e-01]
  ...
  [7.53934197e+03 2.08183946e+03]
  [7.53946565e+03 2.08187036e+03]
  [7.53953175e+03 2.08204021e+03]]]
!!!!The regret log address: results/wheel/eval-all-R/tnpd/S0-B8/tnpd-default/S49-C2000-d0.95/regret.log
