Overriding argument num_latents: 128
!!!!plotting!!!!!
Regret: [[[ 0.15362097  0.15362097]
  [ 0.          0.0879902 ]
  [ 0.16408835  0.27443779]
  ...
  [ 0.10828946  0.19848249]
  [ 0.20546457  0.        ]
  [ 0.29230272  0.26401361]]

 [[ 0.13262301  0.13262301]
  [ 0.          0.37635759]
  [ 0.         48.78311579]
  ...
  [ 0.28297382  0.28316386]
  [ 0.1880889   0.        ]
  [ 0.21994685  0.        ]]

 [[ 0.17981529  0.17981529]
  [ 0.          0.14618885]
  [ 0.28587313  0.        ]
  ...
  [ 0.10886298  0.12272822]
  [ 0.21877226  0.        ]
  [ 0.24876431  0.        ]]

 ...

 [[49.00904201 49.00904201]
  [ 0.          0.17997612]
  [ 0.22222321  0.        ]
  ...
  [49.05813551  0.        ]
  [ 0.26711946  0.        ]
  [ 0.28671787  0.28671787]]

 [[49.09387902 49.09387902]
  [ 0.          0.        ]
  [ 0.15896298  0.        ]
  ...
  [48.99922872 48.84549252]
  [ 0.2206626   0.2206626 ]
  [ 0.29392257  0.        ]]

 [[ 0.15297749  0.15297749]
  [ 0.          0.        ]
  [ 0.20767758  0.252076  ]
  ...
  [ 0.28030675  0.        ]
  [ 0.20683731  0.        ]
  [ 0.1812256   0.        ]]]
Cumulative regrets: [[[1.53620975e-01 1.53620975e-01]
  [1.53620975e-01 2.41611177e-01]
  [3.17709329e-01 5.16048968e-01]
  ...
  [1.44615095e+04 2.55703292e+03]
  [1.44617150e+04 2.55703292e+03]
  [1.44620073e+04 2.55729694e+03]]

 [[1.32623014e-01 1.32623014e-01]
  [1.32623014e-01 5.08980602e-01]
  [1.32623014e-01 4.92920964e+01]
  ...
  [1.45620788e+04 2.46073214e+03]
  [1.45622668e+04 2.46073214e+03]
  [1.45624868e+04 2.46073214e+03]]

 [[1.79815295e-01 1.79815295e-01]
  [1.79815295e-01 3.26004144e-01]
  [4.65688426e-01 3.26004144e-01]
  ...
  [1.38221903e+04 2.55209783e+03]
  [1.38224090e+04 2.55209783e+03]
  [1.38226578e+04 2.55209783e+03]]

 ...

 [[4.90090420e+01 4.90090420e+01]
  [4.90090420e+01 4.91890181e+01]
  [4.92312652e+01 4.91890181e+01]
  ...
  [1.45557177e+04 2.60059653e+03]
  [1.45559848e+04 2.60059653e+03]
  [1.45562715e+04 2.60088325e+03]]

 [[4.90938790e+01 4.90938790e+01]
  [4.90938790e+01 4.90938790e+01]
  [4.92528420e+01 4.90938790e+01]
  ...
  [1.41182891e+04 2.60378519e+03]
  [1.41185098e+04 2.60400585e+03]
  [1.41188037e+04 2.60400585e+03]]

 [[1.52977492e-01 1.52977492e-01]
  [1.52977492e-01 1.52977492e-01]
  [3.60655070e-01 4.05053491e-01]
  ...
  [1.40682634e+04 2.55726901e+03]
  [1.40684703e+04 2.55726901e+03]
  [1.40686515e+04 2.55726901e+03]]]
!!!!The regret log address: results/wheel/eval-all-R/lbanp/S0-B8/lbanp-128_best_model/S49-C2000-d0.9/regret.log
