!!!!plotting!!!!!
Regret: [[[3.05030315e-01 3.05030315e-01]
  [0.00000000e+00 1.51728698e-01]
  [1.56224119e-01 1.62351827e-01]
  ...
  [1.67554339e-01 1.26191349e-01]
  [2.61602434e-01 2.61602434e-01]
  [1.69084573e-01 2.52596828e-01]]

 [[1.91021368e-01 1.91021368e-01]
  [0.00000000e+00 3.05552178e-01]
  [2.60579492e-01 2.60579492e-01]
  ...
  [2.20668045e-01 1.76062865e-01]
  [3.28385505e-01 2.16814679e-01]
  [8.87698410e-02 2.47220694e-01]]

 [[2.12947246e-01 2.12947246e-01]
  [0.00000000e+00 2.56851651e-01]
  [1.55809406e-01 1.55809406e-01]
  ...
  [5.03480868e-02 1.29164325e-01]
  [2.48484329e-01 1.83589354e-01]
  [1.68442081e-01 1.68442081e-01]]

 ...

 [[4.89436816e+01 4.89436816e+01]
  [0.00000000e+00 1.64280544e-01]
  [2.16340659e-01 2.40809255e-01]
  ...
  [2.39281608e-01 1.91388743e-01]
  [7.35015047e-02 7.35015047e-02]
  [1.81225905e-01 1.81225905e-01]]

 [[2.54207168e-01 2.54207168e-01]
  [0.00000000e+00 2.85332898e-01]
  [2.31442111e-01 2.06123140e-01]
  ...
  [1.07809554e-01 1.31175483e-01]
  [2.73569151e-01 2.73569151e-01]
  [2.00889114e-01 2.60155837e-01]]

 [[2.30395775e-01 2.30395775e-01]
  [0.00000000e+00 2.90985282e-01]
  [6.49825283e-02 2.90464389e-01]
  ...
  [1.56736672e-01 1.83194187e-01]
  [1.23684755e-01 3.08963579e-02]
  [6.61025335e-02 1.69853866e-01]]]
Cumulative regrets: [[[3.05030315e-01 3.05030315e-01]
  [3.05030315e-01 4.56759014e-01]
  [4.61254434e-01 6.19110841e-01]
  ...
  [7.48823618e+03 5.53378026e+02]
  [7.48849778e+03 5.53639629e+02]
  [7.48866687e+03 5.53892226e+02]]

 [[1.91021368e-01 1.91021368e-01]
  [1.91021368e-01 4.96573546e-01]
  [4.51600860e-01 7.57153038e-01]
  ...
  [7.73378193e+03 5.53607870e+02]
  [7.73411031e+03 5.53824684e+02]
  [7.73419908e+03 5.54071905e+02]]

 [[2.12947246e-01 2.12947246e-01]
  [2.12947246e-01 4.69798898e-01]
  [3.68756652e-01 6.25608304e-01]
  ...
  [7.53780816e+03 5.04360058e+02]
  [7.53805664e+03 5.04543647e+02]
  [7.53822508e+03 5.04712089e+02]]

 ...

 [[4.89436816e+01 4.89436816e+01]
  [4.89436816e+01 4.91079622e+01]
  [4.91600223e+01 4.93487714e+01]
  ...
  [7.73233054e+03 5.53538326e+02]
  [7.73240404e+03 5.53611827e+02]
  [7.73258527e+03 5.53793053e+02]]

 [[2.54207168e-01 2.54207168e-01]
  [2.54207168e-01 5.39540065e-01]
  [4.85649278e-01 7.45663206e-01]
  ...
  [7.24314118e+03 5.54013197e+02]
  [7.24341475e+03 5.54286766e+02]
  [7.24361564e+03 5.54546922e+02]]

 [[2.30395775e-01 2.30395775e-01]
  [2.30395775e-01 5.21381057e-01]
  [2.95378303e-01 8.11845446e-01]
  ...
  [7.53934197e+03 5.04962070e+02]
  [7.53946565e+03 5.04992967e+02]
  [7.53953175e+03 5.05162821e+02]]]
!!!!The regret log address: results/wheel/eval-all-R/tnpd/S0-B8/tnpd_default_10000-epoch/S49-C2000-d0.95/regret.log
