!!!!plotting!!!!!
Regret: [[[1.28786455e-01 1.28786455e-01]
  [0.00000000e+00 1.22849605e-01]
  [1.96160946e-01 1.34019390e-01]
  ...
  [1.40111374e-01 2.83850957e-01]
  [3.63519907e-01 2.79073589e-01]
  [1.70276742e-01 1.41483740e-01]]

 [[1.76577382e-01 1.76577382e-01]
  [0.00000000e+00 1.61826574e-01]
  [1.76445207e-01 1.76445207e-01]
  ...
  [3.40963429e-01 1.15085642e-01]
  [1.38323696e-01 5.70076757e-02]
  [1.82521473e-01 1.26567396e-01]]

 [[2.04748525e-01 2.04748525e-01]
  [0.00000000e+00 2.90682443e-01]
  [2.53348399e-01 2.53348399e-01]
  ...
  [2.81161194e-01 3.08763637e-01]
  [2.17953182e-01 2.76373536e-01]
  [2.45968784e-01 1.72027047e-01]]

 ...

 [[4.89884405e+01 4.89884405e+01]
  [0.00000000e+00 1.78498870e-01]
  [2.24201138e-01 1.73790169e-01]
  ...
  [2.42578572e-01 2.50458158e-01]
  [1.01319948e-01 2.31161437e-01]
  [1.90652127e-01 1.90652127e-01]]

 [[6.42873750e-05 6.42873750e-05]
  [0.00000000e+00 1.48578922e-01]
  [1.83566257e-01 9.72293193e-02]
  ...
  [1.67875162e-01 1.67875162e-01]
  [1.94203211e-01 1.94203211e-01]
  [3.15174542e-01 2.86152336e-01]]

 [[1.59306209e-01 1.59306209e-01]
  [0.00000000e+00 2.46120265e-01]
  [1.24106797e-01 1.57412696e-01]
  ...
  [1.24871391e-01 8.07694064e-02]
  [2.01356566e-01 1.98879843e-01]
  [1.42443268e-01 1.43990625e-01]]]
Cumulative regrets: [[[1.28786455e-01 1.28786455e-01]
  [1.28786455e-01 2.51636060e-01]
  [3.24947400e-01 3.85655449e-01]
  ...
  [1.48941769e+03 8.77038046e+02]
  [1.48978121e+03 8.77317120e+02]
  [1.48995149e+03 8.77458604e+02]]

 [[1.76577382e-01 1.76577382e-01]
  [1.76577382e-01 3.38403955e-01]
  [3.53022589e-01 5.14849162e-01]
  ...
  [1.58505638e+03 8.28238348e+02]
  [1.58519470e+03 8.28295355e+02]
  [1.58537722e+03 8.28421923e+02]]

 [[2.04748525e-01 2.04748525e-01]
  [2.04748525e-01 4.95430968e-01]
  [4.58096924e-01 7.48779367e-01]
  ...
  [1.88150037e+03 8.27994221e+02]
  [1.88171833e+03 8.28270595e+02]
  [1.88196429e+03 8.28442622e+02]]

 ...

 [[4.89884405e+01 4.89884405e+01]
  [4.89884405e+01 4.91669393e+01]
  [4.92126416e+01 4.93407295e+01]
  ...
  [1.73653514e+03 8.76837381e+02]
  [1.73663646e+03 8.77068543e+02]
  [1.73682712e+03 8.77259195e+02]]

 [[6.42873750e-05 6.42873750e-05]
  [6.42873750e-05 1.48643209e-01]
  [1.83630544e-01 2.45872528e-01]
  ...
  [1.59031910e+03 8.76676528e+02]
  [1.59051330e+03 8.76870731e+02]
  [1.59082847e+03 8.77156884e+02]]

 [[1.59306209e-01 1.59306209e-01]
  [1.59306209e-01 4.05426474e-01]
  [2.83413006e-01 5.62839170e-01]
  ...
  [1.63476041e+03 8.77457688e+02]
  [1.63496177e+03 8.77656568e+02]
  [1.63510421e+03 8.77800559e+02]]]
!!!!The regret log address: results/wheel/eval-all-R/tnpd/S0-B8/tnpd-default/S49-C2000-d0.99/regret.log
