Overriding argument num_latents: 8
!!!!plotting!!!!!
Regret: [[[3.05030315e-01 3.05030315e-01]
  [0.00000000e+00 0.00000000e+00]
  [1.56224119e-01 0.00000000e+00]
  ...
  [1.67554339e-01 0.00000000e+00]
  [2.61602434e-01 0.00000000e+00]
  [1.69084573e-01 0.00000000e+00]]

 [[1.91021368e-01 1.91021368e-01]
  [0.00000000e+00 3.77376370e-01]
  [2.60579492e-01 2.60579492e-01]
  ...
  [2.20668045e-01 0.00000000e+00]
  [3.28385505e-01 0.00000000e+00]
  [8.87698410e-02 0.00000000e+00]]

 [[2.12947246e-01 2.12947246e-01]
  [0.00000000e+00 2.56851651e-01]
  [1.55809406e-01 0.00000000e+00]
  ...
  [5.03480868e-02 1.29164325e-01]
  [2.48484329e-01 0.00000000e+00]
  [1.68442081e-01 0.00000000e+00]]

 ...

 [[4.89436816e+01 4.89436816e+01]
  [0.00000000e+00 1.64280544e-01]
  [2.16340659e-01 0.00000000e+00]
  ...
  [2.39281608e-01 1.91388743e-01]
  [7.35015047e-02 0.00000000e+00]
  [1.81225905e-01 1.81225905e-01]]

 [[2.54207168e-01 2.54207168e-01]
  [0.00000000e+00 0.00000000e+00]
  [2.31442111e-01 0.00000000e+00]
  ...
  [1.07809554e-01 0.00000000e+00]
  [2.73569151e-01 2.73569151e-01]
  [2.00889114e-01 0.00000000e+00]]

 [[2.30395775e-01 2.30395775e-01]
  [0.00000000e+00 2.90985282e-01]
  [6.49825283e-02 2.90464389e-01]
  ...
  [1.56736672e-01 1.83194187e-01]
  [1.23684755e-01 3.08963579e-02]
  [6.61025335e-02 0.00000000e+00]]]
Cumulative regrets: [[[3.05030315e-01 3.05030315e-01]
  [3.05030315e-01 3.05030315e-01]
  [4.61254434e-01 3.05030315e-01]
  ...
  [7.48823618e+03 9.00668779e+02]
  [7.48849778e+03 9.00668779e+02]
  [7.48866687e+03 9.00668779e+02]]

 [[1.91021368e-01 1.91021368e-01]
  [1.91021368e-01 5.68397738e-01]
  [4.51600860e-01 8.28977230e-01]
  ...
  [7.73378193e+03 9.52201022e+02]
  [7.73411031e+03 9.52201022e+02]
  [7.73419908e+03 9.52201022e+02]]

 [[2.12947246e-01 2.12947246e-01]
  [2.12947246e-01 4.69798898e-01]
  [3.68756652e-01 4.69798898e-01]
  ...
  [7.53780816e+03 9.98204598e+02]
  [7.53805664e+03 9.98204598e+02]
  [7.53822508e+03 9.98204598e+02]]

 ...

 [[4.89436816e+01 4.89436816e+01]
  [4.89436816e+01 4.91079622e+01]
  [4.91600223e+01 4.91079622e+01]
  ...
  [7.73233054e+03 9.99366432e+02]
  [7.73240404e+03 9.99366432e+02]
  [7.73258527e+03 9.99547658e+02]]

 [[2.54207168e-01 2.54207168e-01]
  [2.54207168e-01 2.54207168e-01]
  [4.85649278e-01 2.54207168e-01]
  ...
  [7.24314118e+03 9.50305628e+02]
  [7.24341475e+03 9.50579197e+02]
  [7.24361564e+03 9.50579197e+02]]

 [[2.30395775e-01 2.30395775e-01]
  [2.30395775e-01 5.21381057e-01]
  [2.95378303e-01 8.11845446e-01]
  ...
  [7.53934197e+03 9.50115484e+02]
  [7.53946565e+03 9.50146380e+02]
  [7.53953175e+03 9.50146380e+02]]]
!!!!The regret log address: results/wheel/eval-all-R/lbanp/S0-B8/lbanp-8_best_model/S49-C2000-d0.95/regret.log
