!!!!plotting!!!!!
Regret: [[[ 0.30503032  0.30503032]
  [ 0.          0.        ]
  [ 0.15622412  0.        ]
  ...
  [ 0.16755434  0.12619135]
  [ 0.26160243  0.        ]
  [ 0.16908457  0.        ]]

 [[ 0.19102137  0.19102137]
  [ 0.          0.30555218]
  [ 0.26057949  0.26057949]
  ...
  [ 0.22066805  0.        ]
  [ 0.32838551  0.        ]
  [ 0.08876984  0.        ]]

 [[ 0.21294725  0.21294725]
  [ 0.          0.        ]
  [ 0.15580941  0.        ]
  ...
  [ 0.05034809  0.12916432]
  [ 0.24848433  0.        ]
  [ 0.16844208  0.16844208]]

 ...

 [[48.94368161 48.94368161]
  [ 0.          0.        ]
  [ 0.21634066  0.        ]
  ...
  [ 0.23928161  0.19138874]
  [ 0.0735015   0.        ]
  [ 0.1812259   0.1812259 ]]

 [[ 0.25420717  0.25420717]
  [ 0.          0.        ]
  [ 0.23144211  0.        ]
  ...
  [ 0.10780955  0.13117548]
  [ 0.27356915  0.27356915]
  [ 0.20088911  0.        ]]

 [[ 0.23039577  0.23039577]
  [ 0.          0.29098528]
  [ 0.06498253  0.        ]
  ...
  [ 0.15673667  0.18319419]
  [ 0.12368475  0.        ]
  [ 0.06610253  0.        ]]]
Cumulative regrets: [[[3.05030315e-01 3.05030315e-01]
  [3.05030315e-01 3.05030315e-01]
  [4.61254434e-01 3.05030315e-01]
  ...
  [7.48823618e+03 4.61702716e+02]
  [7.48849778e+03 4.61702716e+02]
  [7.48866687e+03 4.61702716e+02]]

 [[1.91021368e-01 1.91021368e-01]
  [1.91021368e-01 4.96573546e-01]
  [4.51600860e-01 7.57153038e-01]
  ...
  [7.73378193e+03 2.77186825e+02]
  [7.73411031e+03 2.77186825e+02]
  [7.73419908e+03 2.77186825e+02]]

 [[2.12947246e-01 2.12947246e-01]
  [2.12947246e-01 2.12947246e-01]
  [3.68756652e-01 2.12947246e-01]
  ...
  [7.53780816e+03 3.13838391e+02]
  [7.53805664e+03 3.13838391e+02]
  [7.53822508e+03 3.14006833e+02]]

 ...

 [[4.89436816e+01 4.89436816e+01]
  [4.89436816e+01 4.89436816e+01]
  [4.91600223e+01 4.89436816e+01]
  ...
  [7.73233054e+03 4.55926399e+02]
  [7.73240404e+03 4.55926399e+02]
  [7.73258527e+03 4.56107625e+02]]

 [[2.54207168e-01 2.54207168e-01]
  [2.54207168e-01 2.54207168e-01]
  [4.85649278e-01 2.54207168e-01]
  ...
  [7.24314118e+03 3.23277857e+02]
  [7.24341475e+03 3.23551426e+02]
  [7.24361564e+03 3.23551426e+02]]

 [[2.30395775e-01 2.30395775e-01]
  [2.30395775e-01 5.21381057e-01]
  [2.95378303e-01 5.21381057e-01]
  ...
  [7.53934197e+03 3.20484826e+02]
  [7.53946565e+03 3.20484826e+02]
  [7.53953175e+03 3.20484826e+02]]]
!!!!The regret log address: results/wheel/eval-all-R/tnpd/S0-B8/tnpd_default_10000-epoch/S49-C2000-d0.95/regret.log
