Overriding argument num_latents: 8
!!!!plotting!!!!!
Regret: [[[ 0.15362097  0.15362097]
  [ 0.          0.07343791]
  [ 0.16408835  0.25882695]
  ...
  [ 0.10828946  0.19848249]
  [ 0.20546457  0.20546457]
  [ 0.29230272  0.26401361]]

 [[ 0.13262301  0.13262301]
  [ 0.          0.37635759]
  [ 0.          0.        ]
  ...
  [ 0.28297382  0.23399686]
  [ 0.1880889   0.16697476]
  [ 0.21994685  0.23364147]]

 [[ 0.17981529  0.17981529]
  [ 0.          0.14618885]
  [ 0.28587313  0.28587313]
  ...
  [ 0.10886298  0.18081423]
  [ 0.21877226  0.08296132]
  [ 0.24876431  0.24876431]]

 ...

 [[49.00904201 49.00904201]
  [ 0.          0.14734164]
  [ 0.22222321  0.24661404]
  ...
  [49.05813551  0.        ]
  [ 0.26711946  0.26711946]
  [ 0.28671787  0.28671787]]

 [[49.09387902 49.09387902]
  [ 0.          0.2889658 ]
  [ 0.15896298  0.08556619]
  ...
  [48.99922872  0.        ]
  [ 0.2206626   0.2206626 ]
  [ 0.29392257  0.20998314]]

 [[ 0.15297749  0.15297749]
  [ 0.          0.21724542]
  [ 0.20767758  0.25670159]
  ...
  [ 0.28030675  0.2829549 ]
  [ 0.20683731  0.16285493]
  [ 0.1812256   0.25864861]]]
Cumulative regrets: [[[1.53620975e-01 1.53620975e-01]
  [1.53620975e-01 2.27058889e-01]
  [3.17709329e-01 4.85885838e-01]
  ...
  [1.44615095e+04 3.11880732e+03]
  [1.44617150e+04 3.11901279e+03]
  [1.44620073e+04 3.11927680e+03]]

 [[1.32623014e-01 1.32623014e-01]
  [1.32623014e-01 5.08980602e-01]
  [1.32623014e-01 5.08980602e-01]
  ...
  [1.45620788e+04 2.92292522e+03]
  [1.45622668e+04 2.92309220e+03]
  [1.45624868e+04 2.92332584e+03]]

 [[1.79815295e-01 1.79815295e-01]
  [1.79815295e-01 3.26004144e-01]
  [4.65688426e-01 6.11877276e-01]
  ...
  [1.38221903e+04 2.97216665e+03]
  [1.38224090e+04 2.97224961e+03]
  [1.38226578e+04 2.97249838e+03]]

 ...

 [[4.90090420e+01 4.90090420e+01]
  [4.90090420e+01 4.91563837e+01]
  [4.92312652e+01 4.94029977e+01]
  ...
  [1.45557177e+04 3.06955716e+03]
  [1.45559848e+04 3.06982428e+03]
  [1.45562715e+04 3.07011100e+03]]

 [[4.90938790e+01 4.90938790e+01]
  [4.90938790e+01 4.93828448e+01]
  [4.92528420e+01 4.94684110e+01]
  ...
  [1.41182891e+04 3.06993982e+03]
  [1.41185098e+04 3.07016048e+03]
  [1.41188037e+04 3.07037047e+03]]

 [[1.52977492e-01 1.52977492e-01]
  [1.52977492e-01 3.70222909e-01]
  [3.60655070e-01 6.26924497e-01]
  ...
  [1.40682634e+04 3.02127154e+03]
  [1.40684703e+04 3.02143440e+03]
  [1.40686515e+04 3.02169305e+03]]]
!!!!The regret log address: results/wheel/eval-all-R/lbanp/S0-B8/lbanp-num_latents-8/S49-C2000-d0.9/regret.log
